time1	time2	time3	time4	time5	time6
gene_1	14.5515321941899	7.15684982379351	41.4337182253472	64.1789733741878	80.8952835062856	127.10444104116
gene_2	7.06247951453207	15.1925328537064	33.8018799271692	55.4054003892313	86.1532775302128	110.738044483841
gene_3	-18.4186975176269	4.80625644392783	13.7994249457647	69.3077577661599	61.7454589026218	98.1035817888732
gene_4	13.8395248565056	14.3863149568245	42.029759443524	42.9303061983133	114.877584867958	95.9524314739563
gene_5	1.56236267212032	29.5959906509732	33.9387926420092	35.5627252749366	68.2076285916041	96.3259989674404
gene_6	-0.835752276348566	34.0483786984509	38.3740289824122	46.2553153324412	90.5020421077801	128.955650854695
gene_7	24.153311042937	34.5298280874382	27.1335718542234	68.5159048707441	81.6487039745192	102.216498971853
gene_8	0.47936123948805	18.4844825431738	48.4358729627172	51.9076841775123	51.5016492163369	125.012966447335
gene_9	17.9656316551446	18.0206254094886	27.26412727997	46.0983499783915	73.8649046080177	90.2659446201567
gene_10	3.4303060435811	22.7661573782406	48.2979106658593	42.1485868663223	73.8333499613099	116.82253214009
gene_11	-18.1581076843765	28.9547607006971	64.7171710542922	67.4043330384493	92.8113502075054	86.4937137989934
gene_12	8.64293761624722	34.1684215124426	23.9744798122673	71.2567379971146	60.4792088823273	104.243445185414
gene_13	-6.88825729257601	24.5235542682889	45.9466845140866	65.5690290277013	80.8661497594513	87.9042672427014
gene_14	20.7965298188039	27.214528621471	8.82171491712532	61.2515991000765	72.3039176481192	90.1358091410153
gene_15	16.4500108011336	-1.66404411593227	29.6068432617847	18.1041121641983	68.1786359283443	106.256113490258
gene_16	23.8457393295136	10.1687552966256	47.3347082344728	51.5396003441521	101.20522931717	126.968019208798
gene_17	7.43339086124466	3.49270361008949	27.6258094009067	71.7499351875076	76.6037017113736	123.446569219381
gene_18	17.4422755337293	1.6171745610942	38.9471688428875	80.1703202971239	91.5105854093815	85.926095150764
gene_19	5.51995322406644	13.6166173394215	12.9308819781335	64.3186637803174	104.2859816139	101.816016712049
gene_20	6.83575106024176	15.9686555655097	36.4503318028587	66.4258890223822	91.1635553631466	81.2015545733717
gene_21	6.09390504071407	19.5946515956793	39.7450676562582	52.6273989710341	74.0665360520389	111.873328197217
gene_22	8.41243925425941	-16.2912729603414	40.553766650004	46.8876436635286	94.2161025124185	122.516515884003
gene_23	18.9304693174164	22.3930630413908	37.7997745023022	49.8977671001368	81.9111445340177	96.5849814521167
gene_24	-4.14388564545231	39.6026815130499	39.9717637145662	8.10459845379685	100.907005414534	94.1296573854584
gene_25	26.8917756036587	35.3400256520026	39.6301568588704	49.1211601278557	83.3810712064783	74.7031991291116
gene_26	-0.0396645480369736	28.3187577611536	43.8983033990164	67.6164138930506	67.4281685765805	98.9678734897334
gene_27	22.9946019492381	-9.99089367951289	17.2986983550151	53.8692992378526	58.3990942162639	105.445933334953
gene_28	32.2256220238903	22.819518655848	38.4672336177107	61.1176360718996	75.2304836610075	123.761082862806
gene_29	0.910976169732482	17.9630941411936	25.7003463223747	37.3070795547066	77.9023011653061	108.53415286424
gene_30	30.3700916681527	31.6180343141905	28.6007386855737	68.3536428422388	61.5904779274591	85.8971332431529
gene_31	-23.8146374891452	-40.8924813608052	-35.1859565726832	-8.88404230350077	-82.9681798511381	-67.8666950117603
gene_32	-36.106787827398	-34.2899083678764	-40.5670255599521	-71.5177447364505	-42.539895132819	-68.9913876861729
gene_33	-47.6574299210195	-74.2665117806964	-81.7931084486434	-16.1717175606732	-46.4289489564534	-54.1517186337408
gene_34	-65.5475428209615	-43.3857613747716	-35.0454391801225	-27.5670103789266	-50.3968415656598	-49.8974992819675
gene_35	-12.0305075518383	-8.88360997594883	-37.9350727260693	-41.1024203858556	-53.9815677311369	-73.4671761346927
gene_36	1.74573933207011	-43.1239197375351	-29.6347825949035	-49.5483937723338	-20.8806053033377	-66.6243880472131
gene_37	-21.2326347546545	-45.6162777342288	-23.2824584071107	-56.9455333648936	-75.8749833715742	-83.7408188058777
gene_38	-13.2552288653697	-48.194943465939	-57.4143432694839	-49.4672534902448	-59.9285971150314	-60.3039448721737
gene_39	-35.2302095047172	1.19834746172103	-67.0668762633684	-52.7195239675724	-66.0304987668395	-66.0839799861915
gene_40	-62.9360926625018	-33.8731235846734	-23.0010476388175	-77.3406986647263	-65.2940719548326	-65.0421371016352
gene_41	1.03278646023564	-8.69619473067065	-3.73569575607844	-40.7334985215152	-24.1099496950349	-58.8276522572731
gene_42	-37.6253995795565	-37.1783909756849	-69.936788940829	-26.5802780818349	-44.4334478507364	-77.1849713937711
gene_43	3.27480182463043	-44.4522507582318	-24.9727919145679	-80.7562549204719	-60.7373747885029	-79.2670090852986
gene_44	5.71835065209858	16.4855422792083	-39.6545492027415	-62.9903440984079	-94.0983801987895	-100.214971180722
gene_45	-14.9516461785398	-53.8788877019131	-33.9317757090992	-4.92048239697715	-73.2493421371595	-59.696835763039
gene_46	-19.4225969055938	-29.7147119245458	-36.6951718945948	-39.8673397214135	-72.658753823009	-50.567358520462
gene_47	-21.7525553982071	-39.3143418161499	-33.6253212873103	-51.2342257935647	-40.748841524513	-89.4994297823982
gene_48	-1.79873578004604	-40.1171527694812	-29.1420415585359	-26.3585196096115	-75.4505445069736	-92.8146400980256
gene_49	-27.2340446269582	-31.0304052867469	-74.1005183250898	-49.6789208126426	-63.785396585207	-81.0457304721159
gene_50	-42.5991213027462	-32.7312722656467	-24.057654710406	-53.1483399249915	-33.072934114825	-42.6919283854586
gene_51	-41.0595900629715	-19.1145355298581	-27.3543662388901	-65.3420335159009	-68.5735838322217	-75.5939134867846
gene_52	-44.279089718157	-35.9351998629835	-56.1355788150193	-10.6067886420457	-75.2746245738778	-83.5017864609257
gene_53	-32.7382416864405	2.92929801468092	-48.0308530945951	-69.7286141083772	-69.3139520542291	-58.2329941240321
gene_54	-6.46476503510786	-35.0164303834309	-47.6493680454758	-17.6848294448375	-52.4550334684592	-45.5090562581055
gene_55	-6.57231941252597	-45.8538178074125	-71.3862567886779	-56.0071303579498	-46.5607303583701	-76.1763770085012
gene_56	-22.1456028904774	-47.4120911632142	-3.42151842304451	-45.4958892505366	-63.3464128016532	-83.6300434200607
gene_57	44.1545967381142	5.61897134861356	-18.00938408772	-44.8534581673957	-75.5934450455164	-76.3952727616976
gene_58	-6.53826212060603	-35.6155937357268	-22.9390912003266	-73.7765204025483	-62.5566589626167	-90.4966935928561
gene_59	1.29635951707207	-26.0573805813784	-44.9946192224404	-57.1622506737133	-75.2229960707537	-57.7866509789356
gene_60	12.6809058623941	-22.3564017808417	-67.0233855545609	-53.6664184919471	-81.038371679183	-79.8649152529894
gene_61	-23.5572075733098	-120.421272757647	-151.63497296479	-248.076840102714	-285.399278781128	-242.085297207145
gene_62	-85.3012726235741	-91.7354766432181	-165.050629781808	-245.661772768384	-267.33985975223	-256.741399830922
gene_63	-75.2469945314718	-103.303970952887	-152.954782105416	-236.830095678419	-298.266986117136	-275.077714300385
gene_64	-72.1850926042277	-85.5065371740708	-191.941126724273	-179.056310823477	-299.760969486904	-257.168085879172
gene_65	-36.3353218822798	-110.12175002248	-176.436174507416	-245.82920010041	-276.969981165789	-244.644748479201
gene_66	-75.1785466012549	-87.6620119751816	-206.226819686902	-249.348069652003	-247.724243452504	-251.15796027943
gene_67	-61.1062417671856	-118.620315119644	-144.550695513955	-268.854124528803	-282.371952207772	-286.763958968835
gene_68	-58.4416891804522	-106.049712656031	-173.329661317936	-245.348494403338	-294.828117228353	-257.573926485289
gene_69	-59.1793372450108	-66.1789442162207	-161.038799099297	-256.022976304319	-251.823938466848	-270.155850111333
gene_70	-38.0159724647874	-136.251333589055	-158.379975153016	-218.903094532102	-249.660181183354	-278.697146940532
gene_71	-55.7256927459138	-127.290140006851	-184.922170228685	-265.438562282144	-263.801422172761	-317.096148796447
gene_72	-71.8798765727815	-132.001786326651	-171.562948245961	-241.331312070949	-286.04022896363	-292.992880189993
gene_73	-59.864593890763	-91.1736326503407	-187.297319305006	-265.701896172345	-285.890770673381	-290.013766123782
gene_74	-82.0056102007127	-111.243775486702	-184.165814004748	-269.816534131314	-323.206023239323	-301.802990257526
gene_75	-65.7990318948567	-82.1042180519108	-174.105538479315	-227.792968354499	-300.129678365	-241.783649986429
gene_76	-60.1360212912843	-120.755347380736	-176.830679593573	-223.710757695754	-308.400967549138	-260.476454599135
gene_77	-26.0085226112245	-122.50433907074	-163.130033791646	-229.814007630197	-233.530850929297	-234.266891746255
gene_78	-68.0609468091053	-108.152524053915	-168.409237612498	-214.360925204462	-315.260963165429	-254.452044168176
gene_79	-87.8603655777246	-70.7750794196562	-192.043994597062	-237.550227732565	-275.555697539581	-277.634519293742
gene_80	-49.5132233360267	-99.2892216306654	-172.815003063344	-227.579644114097	-262.522923402605	-269.883995138517
gene_81	-56.2316022390462	-122.988862862111	-192.046215356037	-220.170693243403	-255.247976035528	-256.958752504934
gene_82	-84.2882573470421	-146.265365223461	-170.965808139963	-243.04821081333	-271.714078697525	-284.917850839807
gene_83	-36.3186085390593	-125.680451988727	-181.685755911963	-243.10385132119	-276.730633919247	-260.63109666517
gene_84	-65.3929484887978	-104.845841668069	-214.247107937602	-260.30639787517	-283.732669997804	-243.811327222925
gene_85	-38.9921863193294	-127.880630084325	-179.942348654856	-283.478573127447	-276.585978927648	-281.179534986061
gene_86	-58.6201808289448	-94.198382263575	-175.467321682086	-234.326170274078	-258.645064726798	-257.786709640447
gene_87	-96.6232975766343	-120.110404623557	-210.322417074675	-253.860642442232	-287.538701001837	-238.452302771088
gene_88	-64.5292507857649	-107.31286272394	-178.423890581043	-257.714747131789	-289.367717953493	-282.778909505773
gene_89	-65.1725471706867	-127.849013619626	-155.957381981177	-239.637781949207	-288.964288829282	-260.19357453276
gene_90	-67.9460913257561	-104.580706093393	-188.274674100325	-215.988553749335	-264.111902597483	-275.54670499693
gene_91	-67.6420236154877	-91.7987665768451	-153.529138055703	-222.769971327798	-235.278046756775	-252.956960497962
